Acc :     0.000         0.000         0.020       0.059       0.000       0.000       0.000       0.000       1.169       1.000
Acc :     0.000         0.000         0.000       0.000       0.000       0.000       0.000       0.000       1.085       1.000
Acc :     0.333         0.162         0.108       0.081       0.400       0.400       0.300       0.375       2.715       1.000
Acc :     0.040         0.040         0.032       0.063       0.000       0.000       0.050       0.000       1.187       1.000
Acc :     0.000         0.000         0.000       0.000       0.000       0.000       0.000       0.000       0.809       1.000
Acc :     0.000         0.000         0.004       0.013       0.000       0.000       0.000       0.000       0.954       1.000
Acc :     0.000         0.000         0.000       0.000       0.000       0.000       0.000       0.000       1.674       1.000
Acc :     0.000         0.000         0.000       0.000       0.000       0.000       0.000       0.000       0.503       1.000
Acc :     0.241         0.155         0.129       0.116       0.400       0.300       0.200       0.190       2.534       1.000
Acc :     0.000         0.000         0.000       0.000       0.000       0.000       0.000       0.000       0.469       1.000
Acc :     0.000         0.000         0.000       0.000       0.000       0.000       0.000       0.000       0.581       1.000
Acc :     0.000         0.000         0.000       0.029       0.000       0.000       0.000       0.000       1.408       1.000
Acc :     0.444         0.264         0.210       0.200       0.600       0.300       0.500       0.404       1.281       1.000
Acc :     0.425         0.395         0.315       0.197       0.600       0.300       0.300       0.439       0.776       1.000
Acc :     0.000         0.000         0.023       0.042       0.000       0.000       0.000       0.000       2.018       1.000
Acc :     0.263         0.184         0.316       0.332       0.400       0.200       0.250       0.222       1.568       1.000
Acc :     0.000         0.000         0.000       0.007       0.000       0.000       0.000       0.000       0.644       1.000
Acc :     0.000         0.000         0.000       0.000       0.000       0.000       0.000       0.000       1.268       1.000
Acc :     0.250         0.166         0.090       0.072       0.600       0.400       0.350       0.168       0.603       1.000
Acc :     0.019         0.113         0.060       0.053       0.000       0.000       0.000       0.071       0.579       1.000
Acc :     0.050         0.025         0.010       0.005       0.400       0.200       0.100       0.049       0.760       1.000
Acc :     0.462         0.259         0.174       0.129       1.000       0.500       0.300       1.000       2.597       1.000
Acc :     0.000         0.000         0.000       0.017       0.000       0.000       0.000       0.000       0.707       1.000
Acc :     0.259         0.204         0.162       0.125       0.400       0.500       0.550       0.247       1.428       1.000
Acc :     0.000         0.000         0.000       0.029       0.000       0.000       0.000       0.000       1.253       1.000
Acc :     0.000         0.035         0.035       0.078       0.000       0.000       0.000       0.012       1.061       1.000
Acc :     0.000         0.000         0.000       0.000       0.000       0.000       0.000       0.000       0.384       1.000
Acc :     0.000         0.000         0.002       0.002       0.000       0.000       0.000       0.000       0.927       1.000
Acc :     0.591         0.556         0.384       0.276       0.600       0.700       0.600       0.667       2.542       1.000
Acc :     0.000         0.000         0.005       0.003       0.000       0.000       0.000       0.000       2.411       1.000
Acc :     0.000         0.000         0.000       0.000       0.000       0.000       0.000       0.000       1.621       1.000
Acc :     0.079         0.072         0.107       0.092       0.000       0.000       0.000       0.075       1.261       1.000
Acc :     0.019         0.009         0.004       0.002       0.000       0.100       0.050       0.013       0.568       1.000
Acc :     0.292         0.216         0.193       0.107       0.000       0.000       0.150       0.237       0.646       1.000
Acc :     0.000         0.019         0.019       0.023       0.000       0.000       0.000       0.000       0.893       1.000
Acc :     0.000         0.010         0.023       0.018       0.000       0.000       0.000       0.000       1.946       1.000
Acc :     0.000         0.000         0.000       0.000       0.000       0.000       0.000       0.000       0.129       1.000
Acc :     0.176         0.176         0.174       0.203       0.000       0.000       0.150       0.000       1.372       1.000
Acc :     0.000         0.000         0.010       0.010       0.000       0.000       0.000       0.000       4.184       1.000
Acc :     0.143         0.107         0.071       0.079       0.000       0.200       0.150       0.000       1.679       1.000
Acc :     0.000         0.000         0.000       0.000       0.000       0.000       0.000       0.000       2.498       1.000
Acc :     0.000         0.000         0.017       0.068       0.000       0.000       0.000       0.000       1.355       1.000
Acc :     0.000         0.000         0.007       0.003       0.000       0.000       0.000       0.000       1.066       1.000
Acc :     0.071         0.071         0.078       0.060       0.000       0.000       0.000       0.000       1.039       1.000
Acc :     0.000         0.000         0.000       0.000       0.000       0.000       0.000       0.000       0.580       1.000
Acc :     0.000         0.000         0.000       0.000       0.000       0.000       0.000       0.000       0.485       1.000
Acc :     0.087         0.065         0.096       0.074       0.000       0.100       0.100       0.154       2.257       1.000
Acc :     0.000         0.000         0.000       0.000       0.000       0.000       0.000       0.000       1.250       1.000
Acc :     0.000         0.000         0.000       0.000       0.000       0.000       0.000       0.000       0.516       1.000
Acc :     0.000         0.000         0.000       0.000       0.000       0.000       0.000       0.000       0.745       1.000
Acc :     0.000         0.000         0.000       0.005       0.000       0.000       0.000       0.000       0.964       1.000
Acc :     0.000         0.000         0.004       0.014       0.000       0.000       0.000       0.000       0.867       1.000
Acc :     0.000         0.000         0.035       0.030       0.000       0.000       0.000       0.000       2.874       1.000
Acc :     0.000         0.000         0.000       0.000       0.000       0.000       0.000       0.000       0.676       1.000
Acc :     0.000         0.000         0.000       0.002       0.000       0.000       0.000       0.000       0.662       1.000
Acc :     0.000         0.000         0.000       0.000       0.000       0.000       0.000       0.000       0.730       1.000
Acc :     0.012         0.006         0.026       0.014       0.000       0.000       0.000       0.006       0.464       1.000
Acc :     0.056         0.056         0.056       0.066       0.000       0.000       0.050       0.000       2.746       1.000
Acc :     0.000         0.000         0.008       0.015       0.000       0.000       0.000       0.000       1.639       1.000
Acc :     0.055         0.082         0.109       0.129       0.000       0.000       0.050       0.120       1.175       1.000
Acc :     0.077         0.037         0.044       0.037       0.200       0.100       0.050       0.250       3.426       1.000
Acc :     0.056         0.096         0.120       0.087       0.000       0.000       0.000       0.061       1.796       1.000
Acc :     0.000         0.000         0.000       0.000       0.000       0.000       0.000       0.000       0.805       1.000
Acc :     0.000         0.000         0.029       0.026       0.000       0.000       0.000       0.000       0.448       1.000
Acc :     0.000         0.000         0.016       0.024       0.000       0.000       0.000       0.000       0.348       1.000
Acc :     0.000         0.000         0.000       0.000       0.000       0.000       0.000       0.000       0.347       1.000
Acc :     0.000         0.000         0.000       0.000       0.000       0.000       0.000       0.000       0.905       1.000
Acc :     0.078         0.069         0.113       0.082       0.000       0.000       0.000       0.062       1.129       1.000
Acc :     0.000         0.000         0.000       0.002       0.000       0.000       0.000       0.000       1.148       1.000
Acc :     0.000         0.020         0.016       0.024       0.000       0.000       0.000       0.000       2.381       1.000
Acc :     0.137         0.068         0.027       0.014       1.000       0.900       0.500       0.075       0.644       1.000
Acc :     0.152         0.167         0.127       0.139       0.200       0.200       0.200       0.185       1.608       1.000
Acc :     0.571         0.381         0.179       0.113       0.800       0.600       0.550       0.545       2.325       1.000
Acc :     0.000         0.143         0.151       0.085       0.000       0.000       0.150       0.000       2.915       1.000
Acc :     0.091         0.067         0.027       0.022       0.200       0.200       0.100       0.167       1.133       1.000
Acc :     0.158         0.157         0.128       0.094       0.200       0.100       0.050       0.134       1.861       1.000
Acc :     0.200         0.129         0.244       0.263       0.000       0.100       0.150       0.000       2.859       1.000
Acc :     0.147         0.088         0.128       0.108       0.000       0.100       0.200       0.172       1.392       1.000
Acc :     0.145         0.127         0.091       0.067       0.600       0.300       0.200       0.147       0.673       1.000
Acc :     0.062         0.077         0.092       0.074       0.000       0.000       0.000       0.038       1.362       1.000
Acc :     0.143         0.070         0.028       0.017       0.800       0.400       0.200       0.200       0.934       1.000
Acc :     0.045         0.067         0.049       0.085       0.000       0.100       0.050       0.041       0.904       1.000
Acc :     0.000         0.000         0.000       0.007       0.000       0.000       0.000       0.000       0.456       1.000
Acc :     0.125         0.137         0.072       0.051       0.200       0.500       0.450       0.137       2.140       1.000
Acc :     0.457         0.312         0.188       0.113       0.800       0.800       0.750       0.389       1.004       1.000
Acc :     0.062         0.061         0.096       0.168       0.200       0.100       0.050       0.167       1.329       1.000
Acc :     0.435         0.217         0.086       0.043       1.000       0.900       0.500       0.769       2.366       1.000
Acc :     0.000         0.000         0.000       0.009       0.000       0.000       0.000       0.000       1.157       1.000
Acc :     0.107         0.107         0.092       0.060       0.600       0.500       0.250       0.101       1.174       1.000
Acc :     0.067         0.083         0.066       0.059       0.000       0.000       0.000       0.087       1.757       1.000
Acc :     0.016         0.040         0.045       0.046       0.000       0.000       0.000       0.052       1.928       1.000
Acc :     0.182         0.090         0.063       0.058       0.800       0.600       0.400       0.163       1.715       1.000
Acc :     0.000         0.074         0.071       0.091       0.000       0.000       0.000       0.000       1.138       1.000
Acc :     0.417         0.479         0.367       0.320       0.400       0.300       0.400       0.357       1.012       1.000
Acc :     0.250         0.248         0.201       0.157       0.200       0.400       0.200       0.264       1.677       1.000
Acc :     0.000         0.000         0.010       0.023       0.000       0.000       0.000       0.000       0.977       1.000
Acc :     0.000         0.000         0.000       0.000       0.000       0.000       0.000       0.000       1.788       1.000
Acc :     0.000         0.000         0.000       0.000       0.000       0.000       0.000       0.000       0.271       1.000
Acc :     0.000         0.000         0.010       0.025       0.000       0.000       0.000       0.000       1.955       1.000
Acc :     0.390         0.329         0.213       0.167       0.600       0.800       0.750       0.381       1.053       1.000
Acc :     0.000         0.000         0.000       0.000       0.000       0.000       0.000       0.000       0.747       1.000
Acc :     0.275         0.198         0.137       0.139       1.000       1.000       0.550       0.268       1.230       1.000
Acc :     0.000         0.000         0.016       0.012       0.000       0.000       0.000       0.000       0.891       1.000
Acc :     0.000         0.000         0.000       0.000       0.000       0.000       0.000       0.000       0.701       1.000
Acc :     0.150         0.150         0.218       0.261       0.200       0.100       0.150       0.100       1.325       1.000
Acc :     0.452         0.524         0.357       0.310       0.400       0.300       0.500       0.432       1.036       1.000
Acc :     0.082         0.068         0.054       0.042       0.400       0.400       0.250       0.074       0.702       1.000
Acc :     0.000         0.000         0.000       0.000       0.000       0.000       0.000       0.000       0.931       1.000
Acc :     0.000         0.000         0.003       0.017       0.000       0.000       0.000       0.000       1.313       1.000
Acc :     0.074         0.127         0.101       0.061       0.000       0.000       0.000       0.000       0.928       1.000
Acc :     0.000         0.000         0.003       0.002       0.000       0.000       0.000       0.000       0.360       1.000
Acc :     0.000         0.039         0.036       0.039       0.000       0.000       0.000       0.027       0.810       1.000
Acc :     0.091         0.089         0.123       0.092       0.000       0.100       0.050       0.083       1.882       1.000
Acc :     0.000         0.121         0.082       0.062       0.000       0.000       0.000       0.000       1.661       1.000
Acc :     0.000         0.000         0.010       0.052       0.000       0.000       0.000       0.000       0.701       1.000
Acc :     0.000         0.000         0.000       0.000       0.000       0.000       0.000       0.000       0.732       1.000
Acc :     0.000         0.000         0.000       0.006       0.000       0.000       0.000       0.000       1.318       1.000
Acc :     0.000         0.000         0.000       0.000       0.000       0.000       0.000       0.000       0.921       1.000
Acc :     0.000         0.000         0.000       0.000       0.000       0.000       0.000       0.000       0.651       1.000
Acc :     0.087         0.149         0.102       0.076       0.200       0.200       0.100       0.154       1.208       1.000
Acc :     0.000         0.000         0.033       0.056       0.000       0.000       0.000       0.000       1.037       1.000
Acc :     0.000         0.000         0.000       0.000       0.000       0.000       0.000       0.000       2.692       1.000
Acc :     0.043         0.085         0.060       0.060       0.000       0.000       0.050       0.000       1.115       1.000
Acc :     0.000         0.000         0.000       0.000       0.000       0.000       0.000       0.000       0.678       1.000
Acc :     0.018         0.026         0.042       0.042       0.200       0.100       0.050       0.012       1.395       1.000
Acc :     0.647         0.647         0.494       0.316       0.400       0.500       0.650       0.571       2.621       1.000
Acc :     0.071         0.250         0.296       0.239       0.000       0.000       0.100       0.000       2.599       1.000
Acc :     0.000         0.000         0.000       0.000       0.000       0.000       0.000       0.000       0.357       1.000
Acc :     0.280         0.300         0.328       0.308       0.400       0.400       0.250       0.333       1.344       1.000
Acc :     0.000         0.000         0.000       0.000       0.000       0.000       0.000       0.000       1.148       1.000
Acc :     0.000         0.006         0.019       0.035       0.000       0.000       0.000       0.006       0.513       1.000
Acc :     0.397         0.322         0.304       0.184       0.000       0.000       0.000       0.316       0.503       1.000
Acc :     0.190         0.095         0.038       0.024       0.800       0.400       0.200       0.364       2.189       1.000
Acc :     0.200         0.143         0.097       0.156       0.000       0.000       0.000       0.167       1.105       1.000
Acc :     0.379         0.345         0.245       0.190       0.400       0.300       0.300       0.286       1.503       1.000
Acc :     0.000         0.000         0.024       0.012       0.000       0.000       0.000       0.000       0.539       1.000
Acc :     0.000         0.000         0.000       0.000       0.000       0.000       0.000       0.000       0.619       1.000
Acc :     0.000         0.000         0.010       0.007       0.000       0.000       0.000       0.000       0.894       1.000
Acc :     0.435         0.478         0.417       0.325       0.400       0.400       0.400       0.385       4.641       1.000
Acc :     0.000         0.026         0.071       0.077       0.000       0.000       0.000       0.000       1.077       1.000
Acc :     0.059         0.088         0.061       0.086       0.600       0.400       0.200       0.102       1.711       1.000
Acc :     0.000         0.000         0.000       0.000       0.000       0.000       0.000       0.000       0.458       1.000
Acc :     0.000         0.000         0.000       0.000       0.000       0.000       0.000       0.000       0.495       1.000
Acc :     0.235         0.400         0.443       0.475       0.400       0.400       0.250       0.286       1.972       1.000
Acc :     0.000         0.000         0.000       0.000       0.000       0.000       0.000       0.000       0.265       1.000
Acc :     0.036         0.080         0.113       0.097       0.000       0.000       0.000       0.050       1.291       1.000
Acc :     0.000         0.000         0.000       0.007       0.000       0.000       0.000       0.000       1.601       1.000
Acc :     0.000         0.000         0.000       0.016       0.000       0.000       0.000       0.000       3.565       1.000
Acc :     0.025         0.019         0.013       0.006       0.000       0.000       0.050       0.019       0.768       1.000
Acc :     0.083         0.072         0.045       0.025       0.600       0.300       0.150       0.068       1.969       1.000
Acc :     0.000         0.000         0.000       0.000       0.000       0.000       0.000       0.000       0.631       1.000
Acc :     0.054         0.101         0.134       0.106       0.000       0.000       0.000       0.108       0.910       1.000
Acc :     0.000         0.000         0.000       0.000       0.000       0.000       0.000       0.000       0.689       1.000
Acc :     0.000         0.000         0.000       0.000       0.000       0.000       0.000       0.000       1.515       1.000
Acc :     0.216         0.186         0.113       0.086       0.000       0.300       0.250       0.215       1.055       1.000
Acc :     0.000         0.000         0.000       0.000       0.000       0.000       0.000       0.000       1.624       1.000
Acc :     0.000         0.000         0.000       0.005       0.000       0.000       0.000       0.000       0.920       1.000
Acc :     0.000         0.000         0.000       0.003       0.000       0.000       0.000       0.000       1.366       1.000
Acc :     0.583         0.583         0.557       0.439       0.400       0.700       0.600       0.667       1.951       1.000
Acc :     0.000         0.000         0.000       0.000       0.000       0.000       0.000       0.000       1.836       1.000
Acc :     0.225         0.175         0.124       0.106       0.400       0.200       0.150       0.225       1.134       1.000
Acc :     0.000         0.000         0.000       0.003       0.000       0.000       0.000       0.000       1.976       1.000
Acc :     0.000         0.000         0.000       0.000       0.000       0.000       0.000       0.000       0.700       1.000
Acc :     0.176         0.232         0.202       0.133       0.200       0.100       0.250       0.207       1.743       1.000
Acc :     0.086         0.128         0.096       0.136       0.000       0.000       0.000       0.097       1.601       1.000
Acc :     0.000         0.000         0.000       0.007       0.000       0.000       0.000       0.000       1.264       1.000
Acc :     0.000         0.000         0.000       0.000       0.000       0.000       0.000       0.000       1.478       1.000
Acc :     0.000         0.000         0.000       0.000       0.000       0.000       0.000       0.000       0.852       1.000
Acc :     0.423         0.288         0.174       0.133       0.800       0.500       0.450       0.412       2.992       1.000
Acc :     0.178         0.198         0.131       0.085       0.000       0.200       0.250       0.212       0.648       1.000
Acc :     0.000         0.000         0.007       0.004       0.000       0.000       0.000       0.000       1.078       1.000
Acc :     0.000         0.000         0.000       0.011       0.000       0.000       0.000       0.000       2.259       1.000
Acc :     0.125         0.062         0.025       0.012       0.800       0.400       0.200       0.160       0.747       1.000
Acc :     0.000         0.000         0.000       0.000       0.000       0.000       0.000       0.000       1.120       1.000
Acc :     0.000         0.024         0.019       0.029       0.000       0.000       0.000       0.000       1.981       1.000
Acc :     0.000         0.000         0.000       0.000       0.000       0.000       0.000       0.000       0.845       1.000
Acc :     0.079         0.078         0.052       0.042       0.200       0.100       0.150       0.081       3.442       1.000
Acc :     0.167         0.183         0.099       0.062       0.000       0.100       0.200       0.174       1.049       1.000
Acc :     0.000         0.000         0.011       0.048       0.000       0.000       0.000       0.000       1.225       1.000
Acc :     0.000         0.000         0.000       0.000       0.000       0.000       0.000       0.000       0.924       1.000
Acc :     0.000         0.000         0.011       0.009       0.000       0.000       0.000       0.000       0.913       1.000
Acc :     0.000         0.000         0.000       0.000       0.000       0.000       0.000       0.000       0.818       1.000
Acc :     0.000         0.000         0.000       0.000       0.000       0.000       0.000       0.000       0.467       1.000
Acc :     0.556         0.509         0.324       0.201       0.400       0.500       0.550       0.526       1.385       1.000
Acc :     0.000         0.000         0.008       0.032       0.000       0.000       0.000       0.000       0.677       1.000
Acc :     0.000         0.000         0.004       0.006       0.000       0.000       0.000       0.000       0.589       1.000
Acc :     0.000         0.000         0.000       0.003       0.000       0.000       0.000       0.000       0.761       1.000
Acc :     0.034         0.198         0.274       0.217       0.000       0.000       0.000       0.141       2.753       1.000
Acc :     0.000         0.000         0.007       0.007       0.000       0.000       0.000       0.000       1.099       1.000
Acc :     0.000         0.000         0.000       0.000       0.000       0.000       0.000       0.000       1.301       1.000
Acc :     0.000         0.000         0.080       0.086       0.000       0.000       0.000       0.000       0.688       1.000
Acc :     0.000         0.000         0.000       0.000       0.000       0.000       0.000       0.000       1.003       1.000
Acc :     0.028         0.014         0.005       0.003       0.200       0.100       0.050       0.029       1.317       1.000
Acc :     0.086         0.114         0.126       0.143       0.200       0.200       0.150       0.100       2.846       1.000
Acc :     0.000         0.000         0.000       0.000       0.000       0.000       0.000       0.000       1.036       1.000
Acc :     0.000         0.000         0.000       0.000       0.000       0.000       0.000       0.000       1.250       1.000
Acc :     0.000         0.000         0.000       0.000       0.000       0.000       0.000       0.000       0.386       1.000
Acc :     0.000         0.000         0.000       0.000       0.000       0.000       0.000       0.000       0.590       1.000
Acc :     0.043         0.064         0.059       0.114       0.200       0.100       0.050       0.077       1.161       1.000
Acc :     0.143         0.112         0.069       0.073       0.000       0.300       0.250       0.117       0.863       1.000
Acc :     0.000         0.000         0.000       0.008       0.000       0.000       0.000       0.000       0.717       1.000
Acc :     0.000         0.000         0.000       0.006       0.000       0.000       0.000       0.000       4.774       1.000
Acc :     0.231         0.186         0.087       0.045       0.000       0.100       0.300       0.190       1.135       1.000
Acc :     0.000         0.000         0.000       0.005       0.000       0.000       0.000       0.000       0.722       1.000
Acc :     0.000         0.000         0.000       0.000       0.000       0.000       0.000       0.000       0.221       1.000
Acc :     0.293         0.190         0.120       0.118       1.000       0.800       0.500       0.200       1.356       1.000
Acc :     0.000         0.000         0.000       0.000       0.000       0.000       0.000       0.000       1.017       1.000
Acc :     0.000         0.000         0.020       0.032       0.000       0.000       0.000       0.000       1.437       1.000
Acc :     0.000         0.000         0.008       0.010       0.000       0.000       0.000       0.000       0.466       1.000
Acc :     0.000         0.000         0.000       0.011       0.000       0.000       0.000       0.000       1.417       1.000
Acc :     0.486         0.386         0.216       0.159       0.600       0.600       0.500       0.548       0.649       1.000
Acc :     0.000         0.000         0.013       0.015       0.000       0.000       0.000       0.000       0.839       1.000
Acc :     0.021         0.010         0.083       0.111       0.200       0.100       0.050       0.017       3.709       1.000
Acc :     0.000         0.000         0.000       0.040       0.000       0.000       0.000       0.000       1.592       1.000
Acc :     0.000         0.000         0.015       0.034       0.000       0.000       0.000       0.000       0.587       1.000
Acc :     0.000         0.000         0.000       0.000       0.000       0.000       0.000       0.000       1.193       1.000
